60.0 430.0 0.0 
60.0 404.14876 10.17252 
60.0 379.57192 20.40552 
60.0 356.2144 30.5442 
60.0 334.01968 40.43484 
60.0 312.93268 49.92228 
60.0 292.89796 58.85316 
60.0 273.85936 67.07196 
60.0 255.76144 74.42532 
60.0 238.5484 80.75808 
60.0 222.1648 85.91652 
60.0 206.5552 89.74584 
60.0 191.66344 92.0916 
60.0 177.43444 92.79972 
60.0 163.81204 91.7154 
60.0 150.7408 88.68492 
60.0 138.16492 83.55348 
60.0 126.02896 76.16664 
60.0 114.27748 66.36996 
60.0 102.85432 54.00972 
60.0 91.70404 38.93076 
60.0 80.7712 20.979 
60.0 70.0 0.0 

560.0 390.0 0.0 
560.0 369.89348 7.91196 
560.0 350.77816 15.87096 
560.0 332.6112 23.7566 
560.0 315.34864 31.44932 
560.0 298.94764 38.82844 
560.0 283.36508 45.77468 
560.0 268.55728 52.16708 
560.0 254.48112 57.88636 
560.0 241.0932 62.81184 
560.0 228.3504 66.82396 
560.0 216.2096 69.80232 
560.0 204.62712 71.6268 
560.0 193.56012 72.17756 
560.0 182.96492 71.3342 
560.0 172.7984 68.97716 
560.0 163.01716 64.98604 
560.0 153.57808 59.24072 
560.0 144.43804 51.62108 
560.0 135.55336 42.00756 
560.0 126.88092 30.27948 
560.0 118.3776 16.317 
560.0 110.0 0.0 

60.0 140.0 0.0 
95.9045 142.87236 14.1736390926 
130.039 145.60312 28.4315465566 
162.48 148.1984 42.5580354891 
193.306 150.66448 56.3389237798 
222.5935 153.00748 69.5580229286 
250.4195 155.23356 82.0016524225 
276.862 157.34896 93.453122164 
301.998 159.35984 103.69875164 
325.905 161.2724 112.522352351 
348.66 163.0928 119.709742185 
370.34 164.8272 125.045234241 
391.023 166.48184 128.313643214 
410.7855 168.06284 129.300285394 
429.7055 169.57644 127.78947388 
447.86 171.0288 123.567026562 
465.3265 172.42612 116.417256536 
482.182 173.77456 106.124978497 
498.5035 175.08028 92.4750071401 
514.369 176.34952 75.253160355 
529.8555 177.58844 54.2432496414 
545.04 178.8032 29.2305912915 
560.0 180.0 0.0 

